0: 4 5 6 7 28 47 48 67 68 69 72 73 74 75 94 95 102 103 108 109 110 129 131 133 136
1: 5 6 28 48 68 69 73 74 94 95 99 102 103 108 109 110 129 131 133 136
2: 8 9 10 11 12 13 14 15 29 30 31 32 33 34 35 36 49 50 51 52 53 54 55 56 70 76 77 78 79 80 81 82 83 96 104 105 111 112 113 114 115 116 117 118 134 137
3: 17 18 19 20 21 22 23 24 25 26 38 39 40 41 42 43 44 45 46 58 59 60 61 62 63 64 65 66 71 85 86 87 88 89 90 91 92 93 97 98 100 101 106 107 120 121 122 123 124 125 126 127 128 132 135 138
4: 0 27 47 72 94 102 103 108 130 131 133 136
5: 0 1 28 48 67 68 69 72 73 74 94 95 99 102 103 108 109 110 129 131 133 136
6: 0 1 28 48 67 68 69 73 74 94 95 99 102 103 109 110 129 131 133 136
7: 0 28 48 67 68 73 75 94 95 99 102 103 108 109 129 131 133 136
8: 2 29 49 70 76 96 104 105 111 134 137
9: 2 30 50 70 77 96 104 105 112 134 137
10: 2 31 51 70 78 96 104 105 113 134 137
11: 2 32 52 70 79 96 104 105 114 134 137
12: 2 33 53 70 80 96 104 105 115 134 137
13: 2 34 54 70 81 96 104 105 116 134 137
14: 2 35 55 70 82 96 104 105 117 134 137
15: 2 36 56 70 83 96 104 105 118 134 137
16: 37 57 71 84 107 119 132 135
17: 3 26 38 58 71 85 97 98 100 101 106 107 120 132 135 138
18: 3 26 39 59 71 86 97 98 100 101 106 107 121 132 135 138
19: 3 26 40 60 71 87 97 98 101 106 107 122 132 135 138
20: 3 41 61 71 88 98 106 107 123 132 135 138
21: 3 26 42 62 71 89 97 98 100 101 106 107 124 132 135 138
22: 3 26 43 63 71 90 97 100 101 106 107 125 132 135 138
23: 3 26 44 64 71 91 97 98 100 101 106 107 126 132 135 138
24: 3 26 45 65 71 92 97 98 100 101 106 107 127 132 135 138
25: 3 26 46 66 71 93 97 98 100 101 106 107 128 132 135 138
26: 3 17 18 19 21 22 23 24 25 38 39 40 42 43 44 45 46 58 59 60 62 63 64 65 66 71 85 86 87 89 90 91 92 93 97 98 100 101 106 107 120 121 122 124 125 126 127 128 132 135 138
27: 4 72 103 108 131 133 136
28: 0 1 5 6 7 67 68 69 72 73 74 75 94 95 99 102 103 108 109 110 129 131 133 136
29: 2 8 49 70 76 96 104 105 111 134 137
30: 2 9 50 70 77 96 104 105 112 134 137
31: 2 10 51 70 78 96 104 105 113 134 137
32: 2 11 52 70 79 96 104 105 114 134 137
33: 2 12 53 70 80 96 104 105 115 134 137
34: 2 13 54 70 81 96 104 105 116 134 137
35: 2 14 55 70 82 96 104 105 117 134 137
36: 2 15 56 70 83 96 104 105 118 134 137
37: 16 57 71 84 107 119 132 135
38: 3 17 26 58 71 85 97 98 100 101 106 107 120 132 135 138
39: 3 18 26 59 71 86 97 98 100 101 106 107 121 132 135 138
40: 3 19 26 60 71 87 97 98 101 106 107 122 132 135 138
41: 3 20 61 71 88 98 106 107 123 132 135 138
42: 3 21 26 62 71 89 97 98 100 101 106 107 124 132 135 138
43: 3 22 26 63 71 90 97 100 101 106 107 125 132 135 138
44: 3 23 26 64 71 91 97 98 100 101 106 107 126 132 135 138
45: 3 24 26 65 71 92 97 98 100 101 106 107 127 132 135 138
46: 3 25 26 66 71 93 97 98 100 101 106 107 128 132 135 138
47: 0 4 72 94 102 103 108 130 133 136
48: 0 1 5 6 7 67 68 69 72 73 74 75 94 95 99 102 103 108 109 110 129 131 133 136
49: 2 8 29 70 76 96 104 105 111 134 137
50: 2 9 30 70 77 96 104 105 112 134 137
51: 2 10 31 70 78 96 104 105 113 134 137
52: 2 11 32 70 79 96 104 105 114 134 137
53: 2 12 33 70 80 96 104 105 115 134 137
54: 2 13 34 70 81 96 104 105 116 134 137
55: 2 14 35 70 82 96 104 105 117 134 137
56: 2 15 36 70 83 96 104 105 118 134 137
57: 16 37 71 84 107 119 132 135
58: 3 17 26 38 71 85 97 98 100 101 106 107 120 132 135 138
59: 3 18 26 39 71 86 97 98 100 101 106 107 121 132 135 138
60: 3 19 26 40 71 87 97 98 101 106 107 122 132 135 138
61: 3 20 41 71 88 98 106 107 123 132 135 138
62: 3 21 26 42 71 89 97 98 100 101 106 107 124 132 135 138
63: 3 22 26 43 71 90 97 100 101 106 107 125 132 135 138
64: 3 23 26 44 71 91 97 98 100 101 106 107 126 132 135 138
65: 3 24 26 45 71 92 97 98 100 101 106 107 127 132 135 138
66: 3 25 26 46 71 93 97 98 100 101 106 107 128 132 135 138
67: 0 5 6 7 28 48 72 73 74 75 94 95 102 103 108 109 110 129 131 133 136
68: 0 1 5 6 7 28 48 72 73 74 75 94 95 99 102 103 108 109 110 129 131 133 136
69: 0 1 5 6 28 48 73 74 94 95 99 102 103 109 110 129 131 133 136
70: 2 8 9 10 11 12 13 14 15 29 30 31 32 33 34 35 36 49 50 51 52 53 54 55 56 76 77 78 79 80 81 82 83 96 104 105 111 112 113 114 115 116 117 118 134 137
71: 3 16 17 18 19 20 21 22 23 24 25 26 37 38 39 40 41 42 43 44 45 46 57 58 59 60 61 62 63 64 65 66 84 85 86 87 88 89 90 91 92 93 97 98 100 101 106 107 119 120 121 122 123 124 125 126 127 128 132 135 138
72: 0 4 5 27 28 47 48 67 68 94 102 103 108 109 129 130 131 133 136
73: 0 1 5 6 7 28 48 67 68 69 94 95 99 102 103 108 109 110 129 131 133 136
74: 0 1 5 6 28 48 67 68 69 94 95 99 102 103 109 110 129 131 133 136
75: 0 7 28 48 67 68 94 95 99 102 103 108 109 131 133 136
76: 2 8 29 49 70 96 104 105 111 134 137
77: 2 9 30 50 70 96 104 105 112 134 137
78: 2 10 31 51 70 96 104 105 113 134 137
79: 2 11 32 52 70 96 104 105 114 134 137
80: 2 12 33 53 70 96 104 105 115 134 137
81: 2 13 34 54 70 96 104 105 116 134 137
82: 2 14 35 55 70 96 104 105 117 134 137
83: 2 15 36 56 70 96 104 105 118 134 137
84: 16 37 57 71 107 119 132 135
85: 3 17 26 38 58 71 97 98 100 101 106 107 120 132 135 138
86: 3 18 26 39 59 71 97 98 100 101 106 107 121 132 135 138
87: 3 19 26 40 60 71 97 98 101 106 107 122 132 135 138
88: 3 20 41 61 71 98 106 107 123 132 135 138
89: 3 21 26 42 62 71 97 98 100 101 106 107 124 132 135 138
90: 3 22 26 43 63 71 97 100 101 106 107 125 132 135 138
91: 3 23 26 44 64 71 97 98 100 101 106 107 126 132 135 138
92: 3 24 26 45 65 71 97 98 100 101 106 107 127 132 135 138
93: 3 25 26 46 66 71 97 98 100 101 106 107 128 132 135 138
94: 0 1 4 5 6 7 28 47 48 67 68 69 72 73 74 75 102 103 108 109 110 129 130 131 133 136
95: 0 1 5 6 7 28 48 67 68 69 73 74 75 102 103 108 109 110 129 131 133 136
96: 2 8 9 10 11 12 13 14 15 29 30 31 32 33 34 35 36 49 50 51 52 53 54 55 56 70 76 77 78 79 80 81 82 83 104 105 111 112 113 114 115 116 117 118 134 137
97: 3 17 18 19 21 22 23 24 25 26 38 39 40 42 43 44 45 46 58 59 60 62 63 64 65 66 71 85 86 87 89 90 91 92 93 106 107 120 121 122 124 125 126 127 128 132 135 138
98: 3 17 18 19 20 21 23 24 25 26 38 39 40 41 42 44 45 46 58 59 60 61 62 64 65 66 71 85 86 87 88 89 91 92 93 106 107 120 121 122 123 124 126 127 128 132 135 138
99: 1 5 6 7 28 48 68 69 73 74 75 102 103 109 110 129 131 133 136
100: 3 17 18 21 22 23 24 25 26 38 39 42 43 44 45 46 58 59 62 63 64 65 66 71 85 86 89 90 91 92 93 106 107 120 121 124 125 126 127 128 132 135 138
101: 3 17 18 19 21 22 23 24 25 26 38 39 40 42 43 44 45 46 58 59 60 62 63 64 65 66 71 85 86 87 89 90 91 92 93 106 107 120 121 122 124 125 126 127 128 132 135 138
102: 0 1 4 5 6 7 28 47 48 67 68 69 72 73 74 75 94 95 99 108 109 110 129 130 131 133 136
103: 0 1 4 5 6 7 27 28 47 48 67 68 69 72 73 74 75 94 95 99 108 109 110 129 131 133 136
104: 2 8 9 10 11 12 13 14 15 29 30 31 32 33 34 35 36 49 50 51 52 53 54 55 56 70 76 77 78 79 80 81 82 83 96 111 112 113 114 115 116 117 118 134 137
105: 2 8 9 10 11 12 13 14 15 29 30 31 32 33 34 35 36 49 50 51 52 53 54 55 56 70 76 77 78 79 80 81 82 83 96 111 112 113 114 115 116 117 118 134 137
106: 3 17 18 19 20 21 22 23 24 25 26 38 39 40 41 42 43 44 45 46 58 59 60 61 62 63 64 65 66 71 85 86 87 88 89 90 91 92 93 97 98 100 101 120 121 122 123 124 125 126 127 128 132 135 138
107: 3 16 17 18 19 20 21 22 23 24 25 26 37 38 39 40 41 42 43 44 45 46 57 58 59 60 61 62 63 64 65 66 71 84 85 86 87 88 89 90 91 92 93 97 98 100 101 119 120 121 122 123 124 125 126 127 128 132 135 138
108: 0 1 4 5 7 27 28 47 48 67 68 72 73 75 94 95 102 103 129 130 131 133 136
109: 0 1 5 6 7 28 48 67 68 69 72 73 74 75 94 95 99 102 103 129 131 133 136
110: 0 1 5 6 28 48 67 68 69 73 74 94 95 99 102 103 129 131 133 136
111: 2 8 29 49 70 76 96 104 105 134 137
112: 2 9 30 50 70 77 96 104 105 134 137
113: 2 10 31 51 70 78 96 104 105 134 137
114: 2 11 32 52 70 79 96 104 105 134 137
115: 2 12 33 53 70 80 96 104 105 134 137
116: 2 13 34 54 70 81 96 104 105 134 137
117: 2 14 35 55 70 82 96 104 105 134 137
118: 2 15 36 56 70 83 96 104 105 134 137
119: 16 37 57 71 84 107 132 135
120: 3 17 26 38 58 71 85 97 98 100 101 106 107 132 135 138
121: 3 18 26 39 59 71 86 97 98 100 101 106 107 132 135 138
122: 3 19 26 40 60 71 87 97 98 101 106 107 132 135 138
123: 3 20 41 61 71 88 98 106 107 132 135 138
124: 3 21 26 42 62 71 89 97 98 100 101 106 107 132 135 138
125: 3 22 26 43 63 71 90 97 100 101 106 107 132 135 138
126: 3 23 26 44 64 71 91 97 98 100 101 106 107 132 135 138
127: 3 24 26 45 65 71 92 97 98 100 101 106 107 132 135 138
128: 3 25 26 46 66 71 93 97 98 100 101 106 107 132 135 138
129: 0 1 5 6 7 28 48 67 68 69 72 73 74 94 95 99 102 103 108 109 110 131 133 136
130: 4 47 72 94 102 108 133
131: 0 1 4 5 6 7 27 28 48 67 68 69 72 73 74 75 94 95 99 102 103 108 109 110 129 133 136
132: 3 16 17 18 19 20 21 22 23 24 25 26 37 38 39 40 41 42 43 44 45 46 57 58 59 60 61 62 63 64 65 66 71 84 85 86 87 88 89 90 91 92 93 97 98 100 101 106 107 119 120 121 122 123 124 125 126 127 128 135 138
133: 0 1 4 5 6 7 27 28 47 48 67 68 69 72 73 74 75 94 95 99 102 103 108 109 110 129 130 131 136
134: 2 8 9 10 11 12 13 14 15 29 30 31 32 33 34 35 36 49 50 51 52 53 54 55 56 70 76 77 78 79 80 81 82 83 96 104 105 111 112 113 114 115 116 117 118 137
135: 3 16 17 18 19 20 21 22 23 24 25 26 37 38 39 40 41 42 43 44 45 46 57 58 59 60 61 62 63 64 65 66 71 84 85 86 87 88 89 90 91 92 93 97 98 100 101 106 107 119 120 121 122 123 124 125 126 127 128 132 138
136: 0 1 4 5 6 7 27 28 47 48 67 68 69 72 73 74 75 94 95 99 102 103 108 109 110 129 131 133
137: 2 8 9 10 11 12 13 14 15 29 30 31 32 33 34 35 36 49 50 51 52 53 54 55 56 70 76 77 78 79 80 81 82 83 96 104 105 111 112 113 114 115 116 117 118 134
138: 3 17 18 19 20 21 22 23 24 25 26 38 39 40 41 42 43 44 45 46 58 59 60 61 62 63 64 65 66 71 85 86 87 88 89 90 91 92 93 97 98 100 101 106 107 120 121 122 123 124 125 126 127 128 132 135
